5.138414375000000000e+05 5.497452640625000000e+06
4.600407812500000000e+05 5.692824609375000000e+06
4.762962343750000000e+05 6.090929906250000000e+06
5.962226250000000000e+05 3.764945500000000000e+06
5.451790312500000000e+05 4.674570781250000000e+06
5.202771093750000000e+05 5.139845375000000000e+06
5.049210000000000000e+05 5.286318000000000000e+06
4.963872656250000000e+05 5.017585015625000000e+06
4.442055781250000000e+05 6.508172593750000000e+06
5.215311718750000000e+05 5.592781093750000000e+06
4.726061093750000000e+05 4.535290359375000000e+06
4.203315625000000000e+05 6.820277234375000000e+06
4.670457656250000000e+05 5.420122828125000000e+06
4.283256718750000000e+05 6.030708828125000000e+06
5.561209843750000000e+05 4.197888734375000000e+06
4.821156250000000000e+05 5.601081218750000000e+06
5.385245000000000000e+05 4.846566312500000000e+06
4.396802812500000000e+05 6.081680234375000000e+06
5.492839218750000000e+05 4.654084140625000000e+06
5.867903750000000000e+05 4.460643671875000000e+06
4.695884062500000000e+05 6.535834281250000000e+06
4.359717187500000000e+05 5.928362468750000000e+06
4.690763281250000000e+05 5.674781296875000000e+06
5.349975625000000000e+05 4.416008093750000000e+06
5.638683281250000000e+05 4.183364750000000000e+06
4.864164375000000000e+05 5.455217531250000000e+06
5.092167968750000000e+05 5.136808312500000000e+06
5.133378750000000000e+05 5.513926046875000000e+06
5.543019531250000000e+05 4.304488500000000000e+06
5.521815312500000000e+05 4.734183562500000000e+06
4.643050937500000000e+05 6.118856812500000000e+06
5.173776250000000000e+05 5.008606843750000000e+06
4.495608750000000000e+05 5.481829906250000000e+06
5.285802656250000000e+05 4.583872296875000000e+06
4.980505312500000000e+05 5.315360156250000000e+06
5.223188125000000000e+05 4.675584140625000000e+06
4.675308125000000000e+05 5.370732203125000000e+06
4.359705312500000000e+05 7.202174203125000000e+06
5.094337500000000000e+05 5.413134171875000000e+06
5.301659218750000000e+05 4.783462515625000000e+06
5.597010781250000000e+05 4.533202515625000000e+06
5.258751406250000000e+05 4.583533109375000000e+06
5.983053281250000000e+05 4.576026468750000000e+06
5.433453906250000000e+05 4.481197890625000000e+06
4.864022812500000000e+05 5.445043687500000000e+06
5.090667968750000000e+05 4.965798437500000000e+06
4.764329062500000000e+05 6.376040437500000000e+06
4.881834218750000000e+05 5.125296890625000000e+06
5.476989375000000000e+05 4.590657234375000000e+06
5.257899843750000000e+05 5.454428953125000000e+06
4.670357968750000000e+05 5.404944937500000000e+06
4.566833906250000000e+05 5.919211703125000000e+06
5.590824843750000000e+05 4.523354921875000000e+06
5.246365156250000000e+05 4.710750937500000000e+06
6.005530625000000000e+05 4.177824281250000000e+06
5.651778281250000000e+05 3.550245593750000000e+06
5.109914062500000000e+05 4.993275515625000000e+06
4.712252656250000000e+05 5.986909609375000000e+06
5.324539218750000000e+05 4.699363109375000000e+06
5.204263750000000000e+05 4.830974281250000000e+06
5.060645468750000000e+05 5.759521062500000000e+06
5.509918281250000000e+05 4.901901156250000000e+06
6.023956250000000000e+05 3.709994390625000000e+06
4.624624375000000000e+05 5.827356140625000000e+06
5.147450156250000000e+05 4.749248000000000000e+06
4.849290156250000000e+05 5.033723796875000000e+06
5.389761718750000000e+05 5.016712640625000000e+06
5.521262968750000000e+05 4.391220093750000000e+06
4.942864062500000000e+05 5.889445640625000000e+06
5.147193593750000000e+05 4.773726281250000000e+06
5.695696093750000000e+05 4.326919406250000000e+06
5.055819218750000000e+05 4.514061250000000000e+06
5.256808593750000000e+05 4.970599546875000000e+06
5.041386875000000000e+05 5.505556375000000000e+06
5.575810000000000000e+05 4.663545609375000000e+06
5.782897343750000000e+05 3.651884187500000000e+06
4.994184531250000000e+05 5.988321968750000000e+06
5.186237500000000000e+05 5.071131093750000000e+06
5.127099218750000000e+05 5.105491203125000000e+06
5.369452343750000000e+05 4.677242828125000000e+06
5.193453906250000000e+05 5.014242796875000000e+06
4.487756406250000000e+05 6.068869546875000000e+06
5.085879687500000000e+05 4.522865187500000000e+06
4.863420468750000000e+05 6.492833296875000000e+06
4.398309687500000000e+05 5.910416156250000000e+06
4.941260156250000000e+05 5.747271531250000000e+06
5.523589218750000000e+05 4.883688281250000000e+06
5.161191250000000000e+05 5.010489187500000000e+06
5.438292500000000000e+05 5.103202515625000000e+06
5.019624218750000000e+05 5.250542640625000000e+06
4.520958750000000000e+05 6.184499765625000000e+06
4.698317500000000000e+05 5.948636687500000000e+06
4.606002812500000000e+05 6.265958906250000000e+06
4.748367031250000000e+05 5.233022984375000000e+06
4.905307500000000000e+05 6.167319953125000000e+06
5.065131406250000000e+05 5.344353156250000000e+06
4.655229375000000000e+05 5.324145812500000000e+06
4.261900000000000000e+05 7.416380062500000000e+06
4.847398281250000000e+05 5.632334890625000000e+06
5.243664843750000000e+05 6.346329000000000000e+06
5.664121093750000000e+05 3.670287359375000000e+06
5.116459531250000000e+05 5.130965640625000000e+06
4.925265000000000000e+05 5.583997515625000000e+06
4.642156875000000000e+05 6.921703453125000000e+06
4.252606562500000000e+05 6.380525921875000000e+06
4.856346562500000000e+05 5.040272328125000000e+06
5.103503593750000000e+05 4.560584671875000000e+06
4.401995312500000000e+05 5.842204765625000000e+06
4.506949218750000000e+05 6.269754750000000000e+06
5.227162187500000000e+05 4.797769187500000000e+06
4.647663593750000000e+05 5.874617671875000000e+06
4.887275937500000000e+05 4.859008734375000000e+06
4.690536562500000000e+05 4.600081828125000000e+06
4.582797343750000000e+05 6.216286593750000000e+06
4.807112968750000000e+05 5.070352250000000000e+06
4.479174687500000000e+05 6.349379218750000000e+06
4.356423125000000000e+05 5.958032281250000000e+06
5.579203906250000000e+05 4.130465500000000000e+06
4.956301562500000000e+05 5.660521343750000000e+06
4.706891875000000000e+05 5.043714375000000000e+06
4.633908906250000000e+05 7.574640781250000000e+06
5.197607031250000000e+05 4.685916906250000000e+06
4.314782187500000000e+05 7.410916468750000000e+06
4.602626875000000000e+05 5.901598500000000000e+06
5.070345000000000000e+05 5.759526093750000000e+06
6.199499218750000000e+05 3.921258562500000000e+06
4.692792031250000000e+05 5.387111421875000000e+06
5.316798125000000000e+05 4.736392031250000000e+06
5.286498437500000000e+05 4.346681765625000000e+06
5.081496562500000000e+05 6.310623625000000000e+06
5.155124687500000000e+05 5.075026093750000000e+06
5.082473750000000000e+05 5.338932171875000000e+06
4.311100781250000000e+05 6.152008937500000000e+06
4.494353593750000000e+05 7.240244390625000000e+06
4.834720781250000000e+05 6.169984156250000000e+06
4.202071250000000000e+05 6.060716890625000000e+06
5.383277812500000000e+05 4.668984125000000000e+06
4.799835156250000000e+05 5.262034281250000000e+06
5.140284062500000000e+05 5.133822375000000000e+06
5.266585937500000000e+05 4.469409843750000000e+06
6.102643750000000000e+05 3.618586390625000000e+06
4.673408906250000000e+05 5.444869390625000000e+06
4.976050625000000000e+05 4.983504500000000000e+06
5.455738750000000000e+05 3.873492671875000000e+06
4.781909687500000000e+05 6.084206125000000000e+06
5.581588593750000000e+05 4.820635046875000000e+06
5.738479687500000000e+05 3.851250593750000000e+06
5.331738281250000000e+05 3.756574906250000000e+06
5.698544062500000000e+05 4.198395484375000000e+06
4.938256718750000000e+05 5.180387625000000000e+06
5.184987812500000000e+05 4.498798562500000000e+06
4.517647031250000000e+05 6.039392812500000000e+06
6.112238125000000000e+05 3.566950984375000000e+06
5.506284843750000000e+05 5.048044171875000000e+06
4.087392343750000000e+05 6.947000968750000000e+06
4.401995312500000000e+05 5.842204765625000000e+06
5.500268750000000000e+05 4.863318843750000000e+06
4.585707500000000000e+05 5.656971640625000000e+06
5.587467500000000000e+05 4.575372078125000000e+06
5.670274062500000000e+05 4.928999921875000000e+06
5.097045625000000000e+05 5.356508515625000000e+06
5.052239843750000000e+05 5.466150281250000000e+06
5.314310468750000000e+05 4.800003781250000000e+06
5.141900625000000000e+05 5.150097984375000000e+06
4.700068281250000000e+05 4.754172640625000000e+06
4.341496718750000000e+05 6.513852328125000000e+06
4.844351718750000000e+05 5.234637750000000000e+06
4.446826562500000000e+05 5.453168953125000000e+06
5.079443125000000000e+05 5.448974437500000000e+06
4.653084218750000000e+05 5.062940250000000000e+06
5.098229062500000000e+05 5.258074171875000000e+06
4.586509062500000000e+05 5.132355625000000000e+06
5.043255625000000000e+05 5.373448312500000000e+06
4.332298906250000000e+05 5.781022093750000000e+06
4.925748281250000000e+05 5.772602734375000000e+06
5.591612500000000000e+05 4.413651687500000000e+06
4.731256093750000000e+05 5.985459875000000000e+06
5.798862500000000000e+05 4.666396343750000000e+06
4.541927343750000000e+05 5.911104750000000000e+06
5.349776250000000000e+05 4.547160890625000000e+06
4.567463437500000000e+05 5.245384546875000000e+06
4.899577187500000000e+05 5.216268828125000000e+06
4.424681093750000000e+05 6.010928312500000000e+06
5.297745625000000000e+05 4.876526375000000000e+06
4.814358437500000000e+05 5.734466187500000000e+06
4.306550156250000000e+05 5.474729578125000000e+06
4.321677343750000000e+05 6.305215890625000000e+06
4.693823125000000000e+05 5.500319984375000000e+06
5.582567968750000000e+05 4.431853984375000000e+06
5.410018281250000000e+05 4.177679578125000000e+06
5.225288906250000000e+05 5.097108765625000000e+06
4.517647031250000000e+05 6.039392812500000000e+06
4.892841406250000000e+05 5.515252140625000000e+06
5.020395000000000000e+05 4.900005203125000000e+06
4.878142656250000000e+05 5.432705640625000000e+06
4.507609687500000000e+05 5.607319765625000000e+06
5.548707812500000000e+05 4.872612796875000000e+06
5.522285000000000000e+05 4.015098546875000000e+06
4.841637968750000000e+05 6.091852640625000000e+06
5.109037500000000000e+05 4.388914843750000000e+06
5.885920312500000000e+05 4.599601546875000000e+06
4.409029218750000000e+05 7.393235156250000000e+06
5.124828281250000000e+05 4.793177468750000000e+06
5.562020000000000000e+05 4.428130234375000000e+06
5.068932812500000000e+05 5.119170609375000000e+06
4.693823125000000000e+05 5.500319984375000000e+06
5.849159218750000000e+05 3.968774812500000000e+06
4.822703281250000000e+05 5.404266093750000000e+06
5.312409843750000000e+05 5.106751890625000000e+06
